3
9.983846e-01 1.846785e-02 5.373161e-02 -2.362899e-01
-4.872064e-02 7.648152e-01 6.424048e-01 -2.045600e-02
-2.923091e-02 -6.439849e-01 7.644795e-01 3.970085e-01
9.987603e-01 4.626452e-02 -1.837100e-02 -1.113755e-01
-2.346674e-02 7.630733e-01 6.458858e-01 -3.198970e-02
4.390002e-02 -6.446540e-01 7.632130e-01 3.843078e-01
-9.621063e-01 2.404106e-01 1.286630e-01 2.965553e-01
-1.949577e-01 -2.766018e-01 -9.410010e-01 -6.081832e-02
-1.906382e-01 -9.304269e-01 3.129903e-01 6.741008e-01
