6
9.930077e-01 -8.109357e-02 8.578787e-02 3.819768e-03
-3.853540e-03 7.040552e-01 7.101347e-01 2.106154e-03
-1.179868e-01 -7.054999e-01 6.988198e-01 4.082027e-01
9.979955e-01 5.903832e-02 2.279367e-02 -2.154436e-01
-5.524086e-02 6.369272e-01 7.689423e-01 3.758176e-02
3.087915e-02 -7.686601e-01 6.389117e-01 3.875436e-01
9.984309e-01 5.531902e-02 -8.694432e-03 -3.734439e-01
-2.833959e-02 6.330717e-01 7.735742e-01 4.617430e-02
4.829756e-02 -7.721140e-01 6.336461e-01 3.860412e-01
9.973459e-01 5.510109e-02 4.759200e-02 -5.030418e-01
-7.187768e-02 6.409233e-01 7.642323e-01 6.741913e-02
1.160721e-02 -7.656247e-01 6.431828e-01 3.940233e-01
9.983959e-01 -5.292468e-02 2.011588e-02 -6.215165e-01
2.105639e-02 6.768809e-01 7.357913e-01 -5.392638e-04
-5.255757e-02 -7.341874e-01 6.769095e-01 4.366176e-01
9.892001e-01 1.058427e-01 1.013928e-01 -8.005472e-01
-1.465712e-01 7.155507e-01 6.830111e-01 9.906844e-02
-2.599328e-04 -6.904959e-01 7.233363e-01 4.082445e-01
