4
-1.948375e-02 9.998086e-01 1.756009e-03 -3.195184e-01
6.670391e-01 1.430718e-02 -7.448854e-01 7.676678e-02
-7.447679e-01 -1.334183e-02 -6.671902e-01 4.071273e-01
-7.385716e-04 9.998495e-01 -1.733461e-02 -4.571204e-01
6.767556e-01 -1.226212e-02 -7.361056e-01 8.155669e-02
-7.362074e-01 -1.227496e-02 -6.766447e-01 4.111647e-01
6.914669e-01 -7.222218e-01 -1.640576e-02 1.415055e-01
-3.309423e-01 -3.368728e-01 8.814726e-01 4.707570e-02
-6.421454e-01 -6.040798e-01 -4.719501e-01 8.498024e-01
-5.211677e-01 -8.531568e-01 2.253384e-02 3.282313e-01
-3.968270e-01 2.656161e-01 8.786219e-01 -1.304549e-01
-7.555876e-01 4.489673e-01 -4.769862e-01 5.491163e-01
