10
1.000000e+00 0.000000e+00 0.000000e+00 0.000000e+00
0.000000e+00 1.000000e+00 0.000000e+00 0.000000e+00
0.000000e+00 0.000000e+00 1.000000e+00 0.000000e+00
9.999861e-01 4.222798e-03 -3.148320e-03 -1.486952e-02
-4.212926e-03 9.999862e-01 3.135617e-03 1.381735e-01
3.161518e-03 -3.122310e-03 9.999901e-01 1.122523e-04
9.990405e-01 -4.358877e-02 -4.265911e-03 -8.979371e-03
4.360777e-02 9.990387e-01 4.465813e-03 2.037731e-01
4.067151e-03 -4.647554e-03 9.999809e-01 2.709415e-04
9.984194e-01 -5.602017e-02 -4.516710e-03 -2.824832e-03
5.603417e-02 9.984242e-01 3.036032e-03 3.485476e-01
4.339514e-03 -3.284324e-03 9.999852e-01 -3.212022e-04
2.550428e-01 -7.265363e-03 9.669025e-01 -3.086466e-02
-2.506609e-03 9.999634e-01 8.174962e-03 -2.332469e-02
-9.669265e-01 -4.508612e-03 2.550153e-01 2.328784e-01
3.183342e-01 -1.124980e-02 9.479118e-01 -2.965653e-02
-1.358019e-04 9.999290e-01 1.191274e-02 9.809611e-02
-9.479786e-01 -3.920961e-03 3.183100e-01 2.288799e-01
3.678885e-01 -1.470904e-02 9.297536e-01 -2.923859e-02
-1.092050e-04 9.998742e-01 1.586159e-02 2.360543e-01
-9.298699e-01 -5.936829e-03 3.678406e-01 2.255652e-01
2.987870e-02 -2.912433e-02 9.991291e-01 -3.623901e-02
-6.734792e-03 9.995469e-01 2.933791e-02 2.202145e-01
-9.995308e-01 -7.605505e-03 2.966902e-02 2.386572e-01
1.371315e-02 -7.717066e-03 9.998762e-01 -4.015014e-02
-5.797098e-03 9.999528e-01 7.797164e-03 7.126216e-02
-9.998892e-01 -5.903304e-03 1.366776e-02 2.384761e-01
5.344378e-02 1.114342e-03 9.985702e-01 -3.971932e-02
-5.552776e-03 9.999842e-01 -8.187336e-04 -6.419394e-02
-9.985554e-01 -5.501080e-03 5.344913e-02 2.387269e-01
